READ SERR 2
1.95    0.01063035    0.000916748
2.05    0.01162542    0.000905763
2.15    0.009871564    0.000817077
2.25    0.010505766    0.000841329
2.35    0.01046198    0.000887797
2.45    0.009512934    0.000776728
2.55    0.009595994    0.000831686
2.65    0.010483874    0.000864876
2.75    0.008751896    0.000745011
2.85    0.00881308    0.000826807
2.95    0.009934982    0.000819533
3.05    0.008751896    0.000745011
3.15    0.009576358    0.000779313
3.25    0.010717914    0.000824455
3.35    0.010969336    0.000905737
3.45    0.009871564    0.000817076
3.55    0.009469154    0.000826836
3.65    0.011413284    0.000921149
3.75    0.009322678    0.000768922
3.85    0.010315504    0.000834127
3.95    0.012408362    0.000910217
4.05    0.010125244    0.000826863
4.15    0.008032406    0.000742276
4.25    0.01082285    0.000853196
4.35    0.009681302    0.000809659
4.45    0.00980814    0.000814611
4.55    0.008751898    0.000745012
4.65    0.008581296    0.000792053
4.75    0.008222664    0.00075036
4.85    0.011666958    0.00092984
4.95    0.008222664    0.000750361
5.05    0.008603182    0.000766272
5.15    0.007800614    0.000703357
5.25    0.008137354    0.000774077
5.35    0.007610346    0.000694727
5.45    0.009173944    0.000789539
5.55    0.008539762    0.000763643
5.65    0.009554464    0.000804677
5.75    0.008603164    0.000766272
5.85    0.008095826    0.000744981
5.95    0.008581294    0.000792054
6.05    0.007990876    0.000711884
6.15    0.009996152    0.000894542
6.25    0.009152068    0.000814584
6.35    0.008815314    0.000747706
6.45    0.006595646    0.000646755
6.55    0.008730004    0.000771503
6.65    0.008454434    0.000786959
6.75    0.007081104    0.000700459
6.85    0.00805205    0.000797086
6.95    0.008622828    0.000819479
7.05    0.007525044    0.000720276
7.15    0.009003338    0.000834072
7.25    0.00765188    0.000725839
7.35    0.005981077    0.000680033
7.45    0.006764004    0.000685954
7.55    0.007483506    0.000688913
7.65    0.006722478    0.000652945
7.75    0.007546919    0.000691826
7.85    0.005727407    0.000668099
7.95    0.007249486    0.000736807
8.05    0.008730006    0.000771503
8.15    0.006976154    0.00066515
8.25    0.006849326    0.000659076
8.35    0.005010146    0.000563686
8.45    0.008327606    0.000781831
8.55    0.00953257    0.000829264
8.65    0.00729101    0.000766213
8.75    0.008876498    0.000829236
8.85    0.006722486    0.000652944
8.95    0.006805544    0.000717448
9.05    0.009510692    0.000853143
9.15    0.007651874    0.00072584
9.25    0.006510334    0.000674126
9.35    0.007968982    0.000739562
9.45    0.009215474    0.000817049
9.55    0.007778732    0.00073136
9.65    0.00619323    0.000659041
9.75    0.005495616    0.000624574
9.85    0.007800606    0.000703358
9.95    0.007056972    0.000809547
10.05    0.006890846    0.000691792
10.15    0.006593392    0.000736776
10.25    0.007059224    0.000728573
10.35    0.008159234    0.000747675
10.45    0.006573754    0.000677102
10.55    0.005854244    0.000674092
10.65    0.007883684    0.000763613
10.75    0.00724948    0.000736807
10.85    0.007059222    0.000728574
10.95    0.005939552    0.00064672
11.05    0.006298186    0.000694662
11.15    0.006446914    0.000671136
11.25    0.005959192    0.000708956
11.35    0.005493364    0.000717384
11.45    0.006720232    0.000742215
11.55    0.006446914    0.000671135
11.65    0.00661528    0.000708989
11.75    0.006171342    0.000688848
11.85    0.005115094    0.000604947
11.95    0.005200406    0.000574289
12.05    0.007395958    0.000797058
12.15    0.006510334    0.000674126
12.25    0.00644691    0.000671136
12.35    0.007122642    0.000731328
12.45    0.005410307    0.000652875
12.55    0.007017694    0.000697584
12.65    0.007627748    0.000831603
12.75    0.006339712    0.000725776
12.85    0.005241934    0.000611559
12.95    0.005073571    0.000567242
13.05    0.004502788    0.000534383
13.15    0.004437122    0.000637252
13.25    0.00693013    0.000804563
13.35    0.006361604    0.00069755
13.45    0.005939552    0.000646721
13.55    0.007627746    0.000831604
13.65    0.00501015    0.000563686
13.75    0.005263824    0.00057778
13.85    0.005854242    0.000674092
13.95    0.005663986    0.000665082
14.05    0.005093204    0.000637288
14.15    0.005283469    0.000646685
14.25    0.00558092    0.000594929
14.35    0.004883311    0.000556505
14.45    0.005134737    0.000671068
14.55    0.004966364    0.000630946
14.65    0.005600568    0.000662052
14.75    0.004798    0.00058809
14.85    0.004480892    0.000570736
14.95    0.005495614    0.000624574
15.05    0.00574929    0.000637323
15.15    0.00724723    0.000816965
15.25    0.003846706    0.00053434
15.35    0.00617134    0.000688847
15.45    0.004312531    0.000522971
15.55    0.00669834    0.000768804
15.65    0.005893531    0.000789396
15.75    0.004332172    0.000598223
15.85    0.004924838    0.00059489
15.95    0.005093209    0.000637289
16.05    0.004671152    0.000581211
16.15    0.003571141    0.000556424
16.25    0.004522428    0.000608225
16.35    0.00441748    0.000567202
16.45    0.00549336    0.000717385
16.55    0.00568362    0.000725746
16.65    0.00422722    0.000556463
16.75    0.004036961    0.000545514
16.85    0.004776104    0.000621309
16.95    0.00462963    0.000541857
17.05    0.004946731    0.000560107
17.15    0.004902948    0.00062775
17.25    0.007098506    0.000836399
17.35    0.004693044    0.000545555
17.45    0.006064145    0.000742185
17.55    0.005346884    0.000649788
17.65    0.00418569    0.000515223
17.75    0.006488444    0.000703293
17.85    0.004986007    0.000694596
17.95    0.005578674    0.000691727
18.05    0.005600571    0.000662051
18.15    0.003149091    0.0004912
18.25    0.006107924    0.000685922
18.35    0.00429064    0.000560066
18.45    0.003888239    0.00057421
18.55    0.003824812    0.000570697
18.65    0.005368774    0.000618101
18.75    0.00504943    0.000697486
18.85    0.003910124    0.000538091
18.95    0.003149091    0.0004912
19.05    0.004795746    0.000685855
19.15    0.005959199    0.000708956
19.25    0.00367833    0.000482989
19.35    0.00407849    0.000584623
19.45    0.002831991    0.000470284
19.55    0.004310278    0.000630908
19.65    0.005239688    0.000706083
19.75    0.006381241    0.000755612
19.85    0.005620201    0.00072297
19.95    0.003971298    0.000646615
