READ SERR 2
1.95    3.30132E-06    3.06379E-07
2.05    1.85072E-06    1.88E-07
2.15    1.42854E-06    1.41516E-07
2.25    1.10357E-06    1.13864E-07
2.35    8.13519E-07    8.13519E-08
2.45    6.56596E-07    6.94818E-08
2.55    5.94492E-07    6.05989E-08
2.65    4.41798E-07    4.6313E-08
2.75    3.9592E-07    4.44863E-08
2.85    4.01377E-07    3.99581E-08
2.95    3.1857E-07    3.30341E-08
3.05    3.15154E-07    3.1359E-08
3.15    3.05106E-07    2.96345E-08
3.25    3.03542E-07    3.03778E-08
3.35    2.5918E-07    2.60611E-08
3.45    2.36239E-07    2.47262E-08
3.55    2.59797E-07    2.56232E-08
3.65    2.12104E-07    2.12104E-08
3.75    2.16641E-07    2.14613E-08
3.85    2.48785E-07    2.24448E-08
3.95    1.99067E-07    1.98176E-08
4.05    1.57701E-07    1.74204E-08
4.15    2.0758E-07    1.95381E-08
4.25    1.78887E-07    1.78974E-08
4.35    1.70991E-07    1.72808E-08
4.45    1.49348E-07    1.55707E-08
4.55    1.49712E-07    1.62064E-08
4.65    1.40883E-07    1.51972E-08
4.75    1.78552E-07    1.75263E-08
4.85    1.313E-07    1.44166E-08
4.95    1.34934E-07    1.44718E-08
5.05    1.16775E-07    1.2975E-08
5.15    1.19042E-07    1.37958E-08
5.25    1.09625E-07    1.24126E-08
5.35    1.2894E-07    1.37503E-08
5.45    1.2886E-07    1.36644E-08
5.55    1.32905E-07    1.37876E-08
5.65    1.2212E-07    1.31732E-08
5.75    1.18258E-07    1.29072E-08
5.85    1.15604E-07    1.30553E-08
5.95    1.13513E-07    1.21698E-08
6.05    1.28345E-07    1.41559E-08
6.15    1.22505E-07    1.31849E-08
6.25    1.15576E-07    1.21157E-08
6.35    8.69884E-08    1.04722E-08
6.45    1.17487E-07    1.24584E-08
6.55    1.06608E-07    1.2194E-08
6.65    9.26307E-08    1.10719E-08
6.75    1.00392E-07    1.21335E-08
6.85    1.03665E-07    1.22696E-08
6.95    9.68712E-08    1.12627E-08
7.05    1.09546E-07    1.25435E-08
7.15    9.7419E-08    1.12509E-08
7.25    8.35762E-08    1.08192E-08
7.35    9.09238E-08    1.08679E-08
7.45    9.22412E-08    1.05808E-08
7.55    8.73421E-08    1.02934E-08
7.65    9.8275E-08    1.09195E-08
7.75    7.24372E-08    1.01585E-08
7.85    8.95706E-08    1.11448E-08
7.95    1.12669E-07    1.20152E-08
8.05    9.72303E-08    1.08707E-08
8.15    8.647E-08    1.02621E-08
8.25    6.10632E-08    8.63564E-09
8.35    9.88415E-08    1.16897E-08
8.45    1.15244E-07    1.25482E-08
8.55    8.96123E-08    1.15967E-08
8.65    1.18674E-07    1.30936E-08
8.75    8.62615E-08    1.03846E-08
8.85    8.38616E-08    1.10394E-08
8.95    1.15182E-07    1.2942E-08
9.05    9.25032E-08    1.11362E-08
9.15    8.55452E-08    1.07754E-08
9.25    1.05206E-07    1.1915E-08
9.35    1.19866E-07    1.30515E-08
9.45    1.00418E-07    1.17545E-08
9.55    8.04613E-08    1.06519E-08
9.65    7.46253E-08    1.03396E-08
9.75    1.03402E-07    1.1708E-08
9.85    9.52416E-08    1.31842E-08
9.95    9.59175E-08    1.16315E-08
10.05    8.70469E-08    1.19626E-08
10.15    9.34906E-08    1.20041E-08
10.25    1.06864E-07    1.24245E-08
10.35    9.29064E-08    1.17026E-08
10.45    8.39866E-08    1.16665E-08
10.55    1.0873E-07    1.31339E-08
10.65    9.72509E-08    1.25894E-08
10.75    9.98463E-08    1.28202E-08
10.85    8.82737E-08    1.17892E-08
10.95    9.50324E-08    1.27282E-08
11.05    1.00997E-07    1.27217E-08
11.15    8.97619E-08    1.30673E-08
11.25    7.6955E-08    1.28868E-08
11.35    1.06261E-07    1.42197E-08
11.45    9.88853E-08    1.29783E-08
11.55    1.01678E-07    1.37398E-08
11.65    9.83385E-08    1.36601E-08
11.75    8.03574E-08    1.20931E-08
11.85    8.5223E-08    1.19336E-08
11.95    1.15933E-07    1.6009E-08
12.05    1.13473E-07    1.45243E-08
12.15    1.06523E-07    1.42265E-08
12.25    1.2751E-07    1.6113E-08
12.35    9.70218E-08    1.44648E-08
12.45    1.22817E-07    1.55938E-08
12.55    1.3103E-07    1.83018E-08
12.65    1.14858E-07    1.65536E-08
12.75    1.00063E-07    1.45757E-08
12.85    9.02889E-08    1.33124E-08
12.95    9.77896E-08    1.397E-08
13.05    9.02726E-08    1.57175E-08
13.15    1.36478E-07    1.97899E-08
13.25    1.27284E-07    1.76808E-08
13.35    1.19129E-07    1.66654E-08
13.45    1.54371E-07    2.13693E-08
13.55    1.03745E-07    1.51327E-08
13.65    1.16707E-07    1.61844E-08
13.75    1.38425E-07    1.92284E-08
13.85    1.29161E-07    1.88523E-08
13.95    1.14831E-07    1.81266E-08
14.05    1.14383E-07    1.82779E-08
14.15    1.31802E-07    1.7936E-08
14.25    1.11694E-07    1.66504E-08
14.35    1.17329E-07    1.98726E-08
14.45    1.27447E-07    1.98794E-08
14.55    1.34815E-07    2.05486E-08
14.65    1.13661E-07    1.83859E-08
14.75    1.18261E-07    1.88873E-08
14.85    1.4219E-07    2.07122E-08
14.95    1.52939E-07    2.16061E-08
15.05    1.90388E-07    2.73434E-08
15.15    1.00404E-07    1.82318E-08
15.25    1.77764E-07    2.46929E-08
15.35    1.1916E-07    1.88408E-08
15.45    1.88673E-07    2.75826E-08
15.55    1.63011E-07    2.82023E-08
15.65    1.36563E-07    2.29854E-08
15.75    1.45691E-07    2.27023E-08
15.85    1.50731E-07    2.43894E-08
15.95    1.53741E-07    2.36739E-08
16.05    1.15606E-07    2.23753E-08
16.15    1.44577E-07    2.4673E-08
16.25    1.37155E-07    2.30997E-08
16.35    1.79519E-07    2.96831E-08
16.45    1.89488E-07    3.05722E-08
16.55    1.36594E-07    2.36773E-08
16.65    1.3876E-07    2.40526E-08
16.75    1.70136E-07    2.78843E-08
16.85    1.66537E-07    2.51064E-08
16.95    1.65279E-07    2.52048E-08
17.05    1.89978E-07    2.9989E-08
17.15    2.57621E-07    3.88475E-08
17.25    1.81226E-07    2.70155E-08
17.35    2.18019E-07    3.51753E-08
17.45    2.22819E-07    3.32197E-08
17.55    1.60236E-07    2.59937E-08
17.65    2.55405E-07    3.58177E-08
17.75    1.88256E-07    3.47679E-08
17.85    2.27184E-07    3.61163E-08
17.95    2.22458E-07    3.46993E-08
18.05    1.31087E-07    2.6513E-08
18.15    2.66114E-07    3.80584E-08
18.25    1.81895E-07    3.10727E-08
18.35    1.64766E-07    3.18901E-08
18.45    1.67086E-07    3.23391E-08
18.55    2.53389E-07    3.691E-08
18.65    2.19665E-07    3.99616E-08
18.75    2.1025E-07    3.44587E-08
18.85    1.57111E-07    3.05765E-08
18.95    2.34086E-07    4.19645E-08
19.05    2.64447E-07    4.25515E-08
19.15    1.91177E-07    3.18628E-08
19.25    1.97349E-07    3.69064E-08
19.35    1.51868E-07    3.13483E-08
19.45    2.01811E-07    3.98836E-08
19.55    2.82038E-07    4.72298E-08
19.65    3.19938E-07    4.98499E-08
19.75    2.89693E-07    4.85118E-08
19.85    2.0021E-07    4.32675E-08

no no no

1.95	3.22157E-06	4.75758E-07
2.05	2.09576E-06	2.99726E-07
2.15	1.4396E-06	2.05421E-07
2.25	1.20802E-06	1.64273E-07
2.35	9.35258E-07	1.38998E-07
2.45	6.65549E-07	9.41229E-08
2.55	5.92549E-07	8.93137E-08
2.65	5.7924E-07	8.1232E-08
2.75	4.02417E-07	5.86985E-08
2.85	3.52592E-07	5.97201E-08
2.95	3.48216E-07	5.12653E-08
3.05	2.8083E-07	4.18637E-08
3.15	2.87836E-07	4.07061E-08
3.25	3.37024E-07	4.24611E-08
3.35	2.96966E-07	4.32316E-08
3.45	2.4328E-07	3.54375E-08
3.55	2.17035E-07	3.42602E-08
3.65	2.69297E-07	3.77004E-08
3.75	1.90627E-07	2.78059E-08
3.85	2.17309E-07	3.04001E-08
3.95	2.55174E-07	3.21421E-08
4.05	1.95529E-07	2.79006E-08
4.15	1.40331E-07	2.36346E-08
4.25	1.80299E-07	2.59913E-08
4.35	1.59063E-07	2.42108E-08
4.45	1.68268E-07	2.45109E-08
4.55	1.45513E-07	2.14547E-08
4.65	1.2612E-07	2.21517E-08
4.75	1.18021E-07	2.01613E-08
4.85	1.98779E-07	2.70724E-08
4.95	1.22925E-07	2.01466E-08
5.05	1.26369E-07	2.01821E-08
5.15	1.19533E-07	1.84444E-08
5.25	1.2552E-07	2.08441E-08
5.35	1.16678E-07	1.80039E-08
5.45	1.42356E-07	2.07364E-08
5.55	1.10934E-07	1.84274E-08
5.65	1.42056E-07	2.04782E-08
5.75	1.19359E-07	1.88266E-08
5.85	1.02416E-07	1.74955E-08
5.95	1.24355E-07	1.98713E-08
6.05	1.00805E-07	1.61417E-08
6.15	1.49355E-07	2.2763E-08
6.25	1.2359E-07	1.95093E-08
6.35	1.21027E-07	1.74688E-08
6.45	8.76511E-08	1.48157E-08
6.55	1.09097E-07	1.74237E-08
6.65	1.17986E-07	1.88537E-08
6.75	9.07484E-08	1.59684E-08
6.85	1.11619E-07	1.91647E-08
6.95	1.26534E-07	2.01155E-08
7.05	9.75154E-08	1.64236E-08
7.15	1.28096E-07	2.01244E-08
7.25	9.94017E-08	1.65118E-08
7.35	6.23471E-08	1.45791E-08
7.45	7.72579E-08	1.47642E-08
7.55	1.01899E-07	1.57234E-08
7.65	8.25027E-08	1.41491E-08
7.75	9.22844E-08	1.49705E-08
7.85	7.45578E-08	1.55713E-08
7.95	9.869E-08	1.73339E-08
8.05	1.08964E-07	1.71871E-08
8.15	7.30731E-08	1.33413E-08
8.25	9.03736E-08	1.48573E-08
8.35	7.10783E-08	1.31989E-08
8.45	1.24664E-07	1.92196E-08
8.55	1.40088E-07	2.0238E-08
8.65	1.05601E-07	1.89283E-08
8.75	1.1122E-07	1.93647E-08
8.85	9.3103E-08	1.5306E-08
8.95	1.01267E-07	1.77865E-08
9.05	1.44047E-07	2.14082E-08
9.15	1.18119E-07	1.81886E-08
9.25	8.84745E-08	1.60656E-08
9.35	1.09627E-07	1.77334E-08
9.45	1.33297E-07	2.03173E-08
9.55	1.16676E-07	1.84033E-08
9.65	9.40965E-08	1.68159E-08
9.75	7.90828E-08	1.56843E-08
9.85	1.20496E-07	1.79625E-08
9.95	1.05726E-07	2.1395E-08
10.05	9.52523E-08	1.70224E-08
10.15	1.03302E-07	1.97231E-08
10.25	1.12941E-07	1.95497E-08
10.35	1.36502E-07	2.03155E-08
10.45	9.9218E-08	1.77311E-08
10.55	8.86441E-08	1.81458E-08
10.65	1.32175E-07	2.13868E-08
10.75	1.30887E-07	2.14516E-08
10.85	1.209E-07	2.09275E-08
10.95	9.65021E-08	1.81201E-08
11.05	1.03204E-07	1.99748E-08
11.15	1.02095E-07	1.88467E-08
11.25	1.0549E-07	2.16285E-08
11.35	1.1268E-07	2.34249E-08
11.45	1.17988E-07	2.29129E-08
11.55	1.24041E-07	2.11897E-08
11.65	1.31826E-07	2.3154E-08
11.75	1.20649E-07	2.25626E-08
11.85	1.0637E-07	2.03275E-08
11.95	1.05224E-07	1.88988E-08
12.05	1.66552E-07	2.86331E-08
12.15	1.28987E-07	2.26971E-08
12.25	1.45305E-07	2.41369E-08
12.35	1.47029E-07	2.58242E-08
12.45	1.16352E-07	2.38177E-08
12.55	1.63757E-07	2.61533E-08
12.65	1.90425E-07	3.31048E-08
12.75	1.52456E-07	2.86323E-08
12.85	1.21016E-07	2.35517E-08
12.95	1.35708E-07	2.32738E-08
13.05	8.92938E-08	1.90375E-08
13.15	1.05168E-07	2.64209E-08
13.25	1.81046E-07	3.48557E-08
13.35	1.69237E-07	3.01742E-08
13.45	1.64174E-07	2.8458E-08
13.55	2.16924E-07	3.8225E-08
13.65	1.4364E-07	2.53921E-08
13.75	1.41495E-07	2.54133E-08
13.85	1.46926E-07	3.00764E-08
13.95	1.58858E-07	3.13064E-08
14.05	1.51958E-07	3.11064E-08
14.15	1.74051E-07	3.31043E-08
14.25	1.68782E-07	2.89459E-08
14.35	1.61547E-07	2.85577E-08
14.45	1.77008E-07	3.62919E-08
14.55	1.49573E-07	3.25931E-08
14.65	1.94559E-07	3.63845E-08
14.75	1.7716E-07	3.3265E-08
14.85	1.47203E-07	3.10367E-08
14.95	1.943E-07	3.52818E-08
15.05	2.03199E-07	3.63135E-08
15.15	2.71783E-07	4.92535E-08
15.25	1.51387E-07	3.26324E-08
15.35	2.18389E-07	4.0841E-08
15.45	1.69567E-07	3.20452E-08
15.55	2.66592E-07	4.92352E-08
15.65	2.50038E-07	5.27055E-08
15.75	1.56762E-07	3.76099E-08
15.85	2.05654E-07	3.9301E-08
15.95	2.20988E-07	4.35505E-08
16.05	1.78989E-07	3.77384E-08
16.15	1.46796E-07	3.83406E-08
16.25	1.97358E-07	4.30059E-08
16.35	2.08716E-07	4.13942E-08
16.45	2.51016E-07	5.31881E-08
16.55	2.62228E-07	5.45139E-08
16.65	2.11491E-07	4.27749E-08
16.75	1.92495E-07	4.14935E-08
16.85	2.24483E-07	4.78693E-08
16.95	2.22934E-07	4.13978E-08
17.05	2.73323E-07	4.62E-08
17.15	2.27265E-07	4.95226E-08
17.25	3.78276E-07	7.11198E-08
17.35	2.37201E-07	4.4047E-08
17.45	3.5141E-07	6.59124E-08
17.55	2.58527E-07	5.39931E-08
17.65	2.39757E-07	4.53098E-08
17.75	3.70821E-07	6.32829E-08
17.85	3.11634E-07	6.60325E-08
17.95	3.26887E-07	6.4602E-08
18.05	3.51552E-07	6.3655E-08
18.15	1.92264E-07	4.70654E-08
18.25	3.62173E-07	6.55782E-08
18.35	2.74119E-07	5.54418E-08
18.45	2.57029E-07	5.86462E-08
18.55	2.50857E-07	5.86599E-08
18.65	3.25483E-07	6.11155E-08
18.75	3.54977E-07	7.52164E-08
18.85	2.021E-07	5.09591E-08
18.95	1.94539E-07	5.06138E-08
19.05	3.17549E-07	7.48029E-08
19.15	4.61823E-07	8.15692E-08
19.25	2.36895E-07	5.05062E-08
19.35	3.01853E-07	6.72748E-08
19.45	1.86171E-07	5.18859E-08
19.55	3.52981E-07	7.68521E-08
19.65	3.67152E-07	8.271E-08
19.75	5.10288E-07	9.28321E-08
19.85	4.47103E-07	8.96278E-08
19.95	3.34828E-07	8.27721E-08

