READ SERR 2
1.65    0.001775748    0.000474588
1.75    0.00773718    0.000990646
1.85    0.00621512    0.000887874
1.95    0.00570776    0.000850864
2.05    0.00862506    0.001045942
2.15    0.00608828    0.000878768
2.25    0.00608828    0.000878768
2.35    0.00634196    0.000896888
2.45    0.00634196    0.000896888
2.55    0.0058346    0.000860266
2.65    0.0058346    0.000860266
2.75    0.00558092    0.000841356
2.85    0.0058346    0.000860266
2.95    0.00697616    0.000940664
3.05    0.00608828    0.000878768
3.15    0.0064688    0.000905812
3.25    0.00545408    0.00083174
3.35    0.00684932    0.000932074
3.45    0.00659564    0.00091465
3.55    0.00659564    0.00091465
3.65    0.00672248    0.000923404
3.75    0.00672248    0.000923404
3.85    0.0064688    0.000905812
3.95    0.00761036    0.000982492
4.05    0.00659564    0.00091465
4.15    0.00596144    0.000869566
4.25    0.00824454    0.00102261
4.35    0.00722984    0.000957614
4.45    0.0064688    0.000905812
4.55    0.0058346    0.000860266
4.65    0.00684932    0.000932074
4.75    0.00659564    0.00091465
4.85    0.0064688    0.000905812
4.95    0.0058346    0.000860266
5.05    0.00608828    0.000878768
5.15    0.00494672    0.00079211
5.25    0.00494672    0.00079211
5.35    0.00456622    0.000761036
5.45    0.0052004    0.000812166
5.55    0.00672248    0.000923404
5.65    0.00570776    0.000850864
5.75    0.0058346    0.000860266
5.85    0.00634196    0.000896888
5.95    0.00507356    0.000802202
6.05    0.00608828    0.000878768
6.15    0.0052004    0.000812166
6.25    0.00596144    0.000869566
6.35    0.00545408    0.00083174
6.45    0.00431254    0.000739594
6.55    0.00634196    0.000896888
6.65    0.00481988    0.00078189
6.75    0.00481988    0.00078189
6.85    0.00456622    0.000761036
6.95    0.0041857    0.000728636
7.05    0.00494672    0.00079211
7.15    0.00469304    0.000771532
7.25    0.00494672    0.00079211
7.35    0.00545408    0.00083174
7.45    0.00545408    0.00083174
7.55    0.00431254    0.000739594
7.65    0.00481988    0.00078189
7.75    0.00545408    0.00083174
7.85    0.00367834    0.00068305
7.95    0.0041857    0.000728636
8.05    0.00608828    0.000878768
8.15    0.00634196    0.000896888
8.25    0.00431254    0.000739594
8.35    0.00266362    0.00058125
8.45    0.00380518    0.000694726
8.55    0.00469304    0.000771532
8.65    0.00380518    0.000694726
8.75    0.0064688    0.000905812
8.85    0.00405886    0.00071751
8.95    0.00329782    0.000646756
9.05    0.00443938    0.00075039
9.15    0.00342466    0.000659076
9.25    0.0041857    0.000728636
9.35    0.00507356    0.000802202
9.45    0.00532724    0.000822012
9.55    0.0041857    0.000728636
9.65    0.00329782    0.000646756
9.75    0.00342466    0.000659076
9.85    0.0041857    0.000728636
9.95    0.00393202    0.00070621
10.05    0.00469304    0.000771532
10.15    0.00342466    0.000659076
10.25    0.0035515    0.00067117
10.35    0.00367834    0.00068305
10.45    0.00405886    0.00071751
10.55    0.00367834    0.00068305
10.65    0.00393202    0.00070621
10.75    0.0029173    0.0006083
10.85    0.0035515    0.00067117
10.95    0.0035515    0.00067117
11.05    0.00380518    0.000694726
11.15    0.00431254    0.000739594
11.25    0.00317098    0.000634196
11.35    0.001775748    0.000474588
11.45    0.00393202    0.00070621
11.55    0.00304414    0.000621382
11.65    0.0029173    0.0006083
11.75    0.00304414    0.000621382
11.85    0.00215626    0.000522972
11.95    0.00253678    0.000567242
12.05    0.00253678    0.000567242
12.15    0.00367834    0.00068305
12.25    0.00253678    0.000567242
12.35    0.00393202    0.00070621
12.45    0.00279046    0.000594928
12.55    0.0029173    0.0006083
12.65    0.00253678    0.000567242
12.75    0.00266362    0.00058125
12.85    0.00266362    0.00058125
12.95    0.00152207    0.000439384
13.05    0.00342466    0.000659076
13.15    0.00240994    0.00055288
13.25    0.0029173    0.0006083
13.35    0.00266362    0.00058125
13.45    0.0022831    0.000538134
13.55    0.00279046    0.000594928
13.65    0.001902588    0.000491246
13.75    0.00266362    0.00058125
13.85    0.00367834    0.00068305
13.95    0.00279046    0.000594928
14.05    0.00215626    0.000522972
14.15    0.00152207    0.000439384
14.25    0.00253678    0.000567242
14.35    0.00164891    0.000457326
14.45    0.00152207    0.000439384
14.55    0.00266362    0.00058125
14.65    0.001902588    0.000491246
14.75    0.001268392    0.0004011
14.85    0.00215626    0.000522972
14.95    0.00215626    0.000522972
15.05    0.00240994    0.00055288
15.15    0.00253678    0.000567242
15.25    0.001141552    0.000380518
15.35    0.00304414    0.000621382
15.45    0.00152207    0.000439384
15.55    0.00240994    0.00055288
15.65    0.00164891    0.000457326
15.75    0.00240994    0.00055288
15.85    0.001775748    0.000474588
15.95    0.00164891    0.000457326
16.05    0.00253678    0.000567242
16.15    0.00164891    0.000457326
16.25    0.001775748    0.000474588
16.35    0.001268392    0.0004011
16.45    0.00202942    0.000507356
16.55    0.00215626    0.000522972
16.65    0.001141552    0.000380518
16.75    0.00152207    0.000439384
16.85    0.00202942    0.000507356
16.95    0.001902588    0.000491246
17.05    0.001014714    0.000358756
17.15    0.00253678    0.000567242
17.25    0.0022831    0.000538134
17.35    0.00202942    0.000507356
17.45    0.00139523    0.000420678
17.55    0.0029173    0.0006083
17.65    0.001268392    0.0004011
17.75    0.00215626    0.000522972
17.85    0.001014714    0.000358756
17.95    0.001902588    0.000491246
18.05    0.00139523    0.000420678
18.15    0.001014714    0.000358756
18.25    0.00240994    0.00055288
18.35    0.001268392    0.0004011
18.45    0.001014714    0.000358756
18.55    0.001141552    0.000380518
18.65    0.00240994    0.00055288
18.75    0.001141552    0.000380518
18.85    0.00279046    0.000594928
18.95    0.00152207    0.000439384
19.05    0.001902588    0.000491246
19.15    0.000887874    0.000335584
19.25    0.001775748    0.000474588
19.35    0.001141552    0.000380518
19.45    0.00139523    0.000420678
19.55    0.000634196    0.000283622
19.65    0.0022831    0.000538134
19.75    0.00152207    0.000439384
19.85    0.00152207    0.000439384
19.95    0.000761036    0.000310692
