READ SERR 2
1.95    1.18228E-06    7.06454E-09
2.05    1.23591E-06    8.68423E-09
2.15    6.41874E-07    7.29622E-09
2.25    4.9284E-07    7.29622E-09
2.35    4.0676E-07    7.44666E-09
2.45    3.32775E-07    7.44666E-09
2.55    2.5883E-07    7.1426E-09
2.65    2.23327E-07    7.1426E-09
2.75    1.88365E-07    6.98559E-09
2.85    1.74467E-07    7.1426E-09
2.95    1.88402E-07    7.81013E-09
3.05    1.49776E-07    7.29622E-09
3.15    1.46796E-07    7.52076E-09
3.25    1.15016E-07    6.90575E-09
3.35    1.34798E-07    7.7388E-09
3.45    1.22045E-07    7.59414E-09
3.55    1.15979E-07    7.59414E-09
3.65    1.12415E-07    7.66682E-09
3.75    1.07481E-07    7.66682E-09
3.85    9.92591E-08    7.52076E-09
3.95    1.12863E-07    8.15741E-09
4.05    9.44455E-08    7.59414E-09
4.15    8.28013E-08    7.21981E-09
4.25    1.10922E-07    8.4905E-09
4.35    9.47849E-08    7.95086E-09
4.45    8.2791E-08    7.52076E-09
4.55    7.27565E-08    7.1426E-09
4.65    8.37595E-08    7.7388E-09
4.75    7.90305E-08    7.59414E-09
4.85    7.6244E-08    7.52076E-09
4.95    6.75937E-08    7.1426E-09
5.05    6.91998E-08    7.29622E-09
5.15    5.54975E-08    6.57671E-09
5.25    5.48124E-08    6.57671E-09
5.35    5.00052E-08    6.31871E-09
5.45    5.6308E-08    6.74323E-09
5.55    7.20042E-08    7.66682E-09
5.65    6.05037E-08    7.06454E-09
5.75    6.12407E-08    7.1426E-09
5.85    6.59428E-08    7.44666E-09
5.95    5.21897E-08    6.66051E-09
6.05    6.20337E-08    7.29622E-09
6.15    5.25087E-08    6.74323E-09
6.25    5.96933E-08    7.21981E-09
6.35    5.421E-08    6.90575E-09
6.45    4.25734E-08    6.14069E-09
6.55    6.22311E-08    7.44666E-09
6.65    4.70411E-08    6.49186E-09
6.75    4.68188E-08    6.49186E-09
6.85    4.41744E-08    6.31871E-09
6.95    4.05538E-08    6.0497E-09
7.05    4.77446E-08    6.57671E-09
7.15    4.51536E-08    6.40586E-09
7.25    4.74762E-08    6.57671E-09
7.35    5.22499E-08    6.90575E-09
7.45    5.2189E-08    6.90575E-09
7.55    4.12449E-08    6.14069E-09
7.65    4.61043E-08    6.49186E-09
7.75    5.22136E-08    6.90575E-09
7.85    3.52665E-08    5.67121E-09
7.95    4.00539E-08    6.0497E-09
8.05    5.83382E-08    7.29622E-09
8.15    6.08943E-08    7.44666E-09
8.25    4.1523E-08    6.14069E-09
8.35    2.57352E-08    4.82599E-09
8.45    3.69156E-08    5.76816E-09
8.55    4.57442E-08    6.40586E-09
8.65    3.72866E-08    5.76816E-09
8.75    6.37584E-08    7.52076E-09
8.85    4.02608E-08    5.95733E-09
8.95    3.23816E-08    5.36987E-09
9.05    4.38539E-08    6.23032E-09
9.15    3.40529E-08    5.47216E-09
9.25    4.19161E-08    6.0497E-09
9.35    5.11948E-08    6.66051E-09
9.45    5.41912E-08    6.82498E-09
9.55    4.29458E-08    6.0497E-09
9.65    3.4143E-08    5.36987E-09
9.75    3.57932E-08    5.47216E-09
9.85    4.41819E-08    6.0497E-09
9.95    4.08287E-08    5.86351E-09
10.05    4.91847E-08    6.40586E-09
10.15    3.62393E-08    5.47216E-09
10.25    3.79589E-08    5.57258E-09
10.35    3.97226E-08    5.67121E-09
10.45    4.43093E-08    5.95733E-09
10.55    4.06049E-08    5.67121E-09
10.65    4.39121E-08    5.86351E-09
10.75    3.29691E-08    5.05058E-09
10.85    4.06341E-08    5.57258E-09
10.95    4.11556E-08    5.57258E-09
11.05    4.46707E-08    5.76816E-09
11.15    5.13079E-08    6.14069E-09
11.25    3.82407E-08    5.26559E-09
11.35    2.17232E-08    3.9404E-09
11.45    4.87915E-08    5.86351E-09
11.55    3.8336E-08    5.1592E-09
11.65    3.72894E-08    5.05058E-09
11.75    3.94979E-08    5.1592E-09
11.85    2.84076E-08    4.34212E-09
11.95    3.39432E-08    4.70969E-09
12.05    3.44758E-08    4.70969E-09
12.15    5.07859E-08    5.67121E-09
12.25    3.559E-08    4.70969E-09
12.35    5.60561E-08    5.86351E-09
12.45    4.04321E-08    4.93956E-09
12.55    4.29685E-08    5.05058E-09
12.65    3.79808E-08    4.70969E-09
12.75    4.05445E-08    4.82599E-09
12.85    4.12188E-08    4.82599E-09
12.95    2.39485E-08    3.64811E-09
13.05    5.4794E-08    5.47216E-09
13.15    3.92075E-08    4.59044E-09
13.25    4.82654E-08    5.05058E-09
13.35    4.48114E-08    4.82599E-09
13.45    3.90607E-08    4.46801E-09
13.55    4.85613E-08    4.93956E-09
13.65    3.36655E-08    4.07871E-09
13.75    4.79256E-08    4.82599E-09
13.85    6.7302E-08    5.67121E-09
13.95    5.19224E-08    4.93956E-09
14.05    4.08039E-08    4.34212E-09
14.15    2.92894E-08    3.64811E-09
14.25    4.96418E-08    4.70969E-09
14.35    3.28142E-08    3.79708E-09
14.45    3.07999E-08    3.64811E-09
14.55    5.48081E-08    4.82599E-09
14.65    3.98089E-08    4.07871E-09
14.75    2.69835E-08    3.33024E-09
14.85    4.66398E-08    4.34212E-09
14.95    4.74208E-08    4.34212E-09
15.05    5.38802E-08    4.59044E-09
15.15    5.76579E-08    4.70969E-09
15.25    2.63767E-08    3.15936E-09
15.35    7.14958E-08    5.1592E-09
15.45    3.63359E-08    3.64811E-09
15.55    5.8477E-08    4.59044E-09
15.65    4.06671E-08    3.79708E-09
15.75    6.04034E-08    4.59044E-09
15.85    4.52308E-08    3.9404E-09
15.95    4.2681E-08    3.79708E-09
16.05    6.67186E-08    4.70969E-09
16.15    4.40629E-08    3.79708E-09
16.25    4.82121E-08    3.9404E-09
16.35    3.49873E-08    3.33024E-09
16.45    5.68716E-08    4.21246E-09
16.55    6.13866E-08    4.34212E-09
16.65    3.3014E-08    3.15936E-09
16.75    4.47188E-08    3.64811E-09
16.85    6.05588E-08    4.21246E-09
16.95    5.76553E-08    4.07871E-09
17.05    3.12369E-08    2.97867E-09
17.15    7.9311E-08    4.70969E-09
17.25    7.24902E-08    4.46801E-09
17.35    6.54345E-08    4.21246E-09
17.45    4.56811E-08    3.4928E-09
17.55    9.69849E-08    5.05058E-09
17.65    4.28138E-08    3.33024E-09
17.75    7.38946E-08    4.34212E-09
17.85    3.5303E-08    2.97867E-09
17.95    6.72012E-08    4.07871E-09
18.05    5.00204E-08    3.4928E-09
18.15    3.69251E-08    2.97867E-09
18.25    8.9009E-08    4.59044E-09
18.35    4.75449E-08    3.33024E-09
18.45    3.85714E-08    2.97867E-09
18.55    4.40018E-08    3.15936E-09
18.65    9.41921E-08    4.59044E-09
18.75    4.52395E-08    3.15936E-09
18.85    1.12123E-07    4.93956E-09
18.95    6.19963E-08    3.64811E-09
19.05    7.85762E-08    4.07871E-09
19.15    3.71733E-08    2.78628E-09
19.25    7.53758E-08    3.9404E-09
19.35    4.91176E-08    3.15936E-09
19.45    6.08494E-08    3.4928E-09
19.55    2.80302E-08    2.35485E-09
19.65    1.02271E-07    4.46801E-09
19.75    6.90984E-08    3.64811E-09
19.85    7.00246E-08    3.64811E-09
19.95    3.5482E-08    2.57961E-09
