READ SERR 2
1.95    1.18228E-06    7.06454E-09
2.05    1.23591E-06    8.68423E-09
2.15    6.41874E-07    7.29622E-09
2.25    4.9284E-07    7.29622E-09
2.35    4.0676E-07    7.44666E-09
2.45    3.32775E-07    7.44666E-09
2.55    2.5883E-07    7.1426E-09
2.65    2.23327E-07    7.1426E-09
2.75    1.88365E-07    6.98559E-09
2.85    1.74467E-07    7.1426E-09
2.95    1.88402E-07    7.81013E-09
3.05    1.49776E-07    7.29622E-09
3.15    1.46796E-07    7.52076E-09
3.25    1.15016E-07    6.90575E-09
3.35    1.34798E-07    7.7388E-09
3.45    1.22045E-07    7.59414E-09
3.55    1.15979E-07    7.59414E-09
3.65    1.12415E-07    7.66682E-09
3.75    1.07481E-07    7.66682E-09
3.85    9.92591E-08    7.52076E-09
3.95    1.12863E-07    8.15741E-09
4.05    9.44455E-08    7.59414E-09
4.15    8.28013E-08    7.21981E-09
4.25    1.10922E-07    8.4905E-09
4.35    9.47849E-08    7.95086E-09
4.45    8.2791E-08    7.52076E-09
4.55    7.27565E-08    7.1426E-09
4.65    8.37595E-08    7.7388E-09
4.75    7.90305E-08    7.59414E-09
4.85    7.6244E-08    7.52076E-09
4.95    6.75937E-08    7.1426E-09
5.05    6.91998E-08    7.29622E-09
5.15    5.54975E-08    6.57671E-09
5.25    5.48124E-08    6.57671E-09
5.35    5.00052E-08    6.31871E-09
5.45    5.6308E-08    6.74323E-09
5.55    7.20042E-08    7.66682E-09
5.65    6.05037E-08    7.06454E-09
5.75    6.12407E-08    7.1426E-09
5.85    6.59428E-08    7.44666E-09
5.95    5.21897E-08    6.66051E-09
6.05    6.20337E-08    7.29622E-09
6.15    5.25087E-08    6.74323E-09
6.25    5.96933E-08    7.21981E-09
6.35    5.421E-08    6.90575E-09
6.45    4.25734E-08    6.14069E-09
6.55    6.22311E-08    7.44666E-09
6.65    4.70411E-08    6.49186E-09
6.75    4.68188E-08    6.49186E-09
6.85    4.41744E-08    6.31871E-09
6.95    4.05538E-08    6.0497E-09
7.05    4.77446E-08    6.57671E-09
7.15    4.51536E-08    6.40586E-09
7.25    4.74762E-08    6.57671E-09
7.35    5.22499E-08    6.90575E-09
7.45    5.2189E-08    6.90575E-09
7.55    4.12449E-08    6.14069E-09
7.65    4.61043E-08    6.49186E-09
7.75    5.22136E-08    6.90575E-09
7.85    3.52665E-08    5.67121E-09
7.95    4.00539E-08    6.0497E-09
8.05    5.83382E-08    7.29622E-09
8.15    6.08943E-08    7.44666E-09
8.25    4.1523E-08    6.14069E-09
8.35    2.57352E-08    4.82599E-09
8.45    3.69156E-08    5.76816E-09
8.55    4.57442E-08    6.40586E-09
8.65    3.72866E-08    5.76816E-09
8.75    6.37584E-08    7.52076E-09
8.85    4.02608E-08    5.95733E-09
8.95    3.23816E-08    5.36987E-09
9.05    4.38539E-08    6.23032E-09
9.15    3.40529E-08    5.47216E-09
9.25    4.19161E-08    6.0497E-09
9.35    5.11948E-08    6.66051E-09
9.45    5.41912E-08    6.82498E-09
9.55    4.29458E-08    6.0497E-09
9.65    3.4143E-08    5.36987E-09
9.75    3.57932E-08    5.47216E-09
9.85    4.41819E-08    6.0497E-09
9.95    4.08287E-08    5.86351E-09
10.05    4.91847E-08    6.40586E-09
10.15    3.62393E-08    5.47216E-09
10.25    3.79589E-08    5.57258E-09
10.35    3.97226E-08    5.67121E-09
10.45    4.43093E-08    5.95733E-09
10.55    4.06049E-08    5.67121E-09
10.65    4.39121E-08    5.86351E-09
10.75    3.29691E-08    5.05058E-09
10.85    4.06341E-08    5.57258E-09
10.95    4.11556E-08    5.57258E-09
11.05    4.46707E-08    5.76816E-09
11.15    5.13079E-08    6.14069E-09
11.25    3.82407E-08    5.26559E-09
11.35    2.17232E-08    3.9404E-09
11.45    4.87915E-08    5.86351E-09
11.55    3.8336E-08    5.1592E-09
11.65    3.72894E-08    5.05058E-09
11.75    3.94979E-08    5.1592E-09
11.85    2.84076E-08    4.34212E-09
11.95    3.39432E-08    4.70969E-09
12.05    3.44758E-08    4.70969E-09
12.15    5.07859E-08    5.67121E-09
12.25    3.559E-08    4.70969E-09
12.35    5.60561E-08    5.86351E-09
12.45    4.04321E-08    4.93956E-09
12.55    4.29685E-08    5.05058E-09
12.65    3.79808E-08    4.70969E-09
12.75    4.05445E-08    4.82599E-09
12.85    4.12188E-08    4.82599E-09
12.95    2.39485E-08    3.64811E-09
13.05    5.4794E-08    5.47216E-09
13.15    3.92075E-08    4.59044E-09
13.25    4.82654E-08    5.05058E-09
13.35    4.48114E-08    4.82599E-09
13.45    3.90607E-08    4.46801E-09
13.55    4.85613E-08    4.93956E-09
13.65    3.36655E-08    4.07871E-09
13.75    4.79256E-08    4.82599E-09
13.85    6.7302E-08    5.67121E-09
13.95    5.19224E-08    4.93956E-09
14.05    4.08039E-08    4.34212E-09
14.15    2.92894E-08    3.64811E-09
14.25    4.96418E-08    4.70969E-09
14.35    3.28142E-08    3.79708E-09
14.45    3.07999E-08    3.64811E-09
14.55    5.48081E-08    4.82599E-09
14.65    3.98089E-08    4.07871E-09
14.75    2.69835E-08    3.33024E-09
14.85    4.66398E-08    4.34212E-09
14.95    4.74208E-08    4.34212E-09
15.05    5.38802E-08    4.59044E-09
15.15    5.76579E-08    4.70969E-09
15.25    2.63767E-08    3.15936E-09
15.35    7.14958E-08    5.1592E-09
15.45    3.63359E-08    3.64811E-09
15.55    5.8477E-08    4.59044E-09
15.65    4.06671E-08    3.79708E-09
15.75    6.04034E-08    4.59044E-09
15.85    4.52308E-08    3.9404E-09
15.95    4.2681E-08    3.79708E-09
16.05    6.67186E-08    4.70969E-09
16.15    4.40629E-08    3.79708E-09
16.25    4.82121E-08    3.9404E-09
16.35    3.49873E-08    3.33024E-09
16.45    5.68716E-08    4.21246E-09
16.55    6.13866E-08    4.34212E-09
16.65    3.3014E-08    3.15936E-09
16.75    4.47188E-08    3.64811E-09
16.85    6.05588E-08    4.21246E-09
16.95    5.76553E-08    4.07871E-09
17.05    3.12369E-08    2.97867E-09
17.15    7.9311E-08    4.70969E-09
17.25    7.24902E-08    4.46801E-09
17.35    6.54345E-08    4.21246E-09
17.45    4.56811E-08    3.4928E-09
17.55    9.69849E-08    5.05058E-09
17.65    4.28138E-08    3.33024E-09
17.75    7.38946E-08    4.34212E-09
17.85    3.5303E-08    2.97867E-09
17.95    6.72012E-08    4.07871E-09
18.05    5.00204E-08    3.4928E-09
18.15    3.69251E-08    2.97867E-09
18.25    8.9009E-08    4.59044E-09
18.35    4.75449E-08    3.33024E-09
18.45    3.85714E-08    2.97867E-09
18.55    4.40018E-08    3.15936E-09
18.65    9.41921E-08    4.59044E-09
18.75    4.52395E-08    3.15936E-09
18.85    1.12123E-07    4.93956E-09
18.95    6.19963E-08    3.64811E-09
19.05    7.85762E-08    4.07871E-09
19.15    3.71733E-08    2.78628E-09
19.25    7.53758E-08    3.9404E-09
19.35    4.91176E-08    3.15936E-09
19.45    6.08494E-08    3.4928E-09
19.55    2.80302E-08    2.35485E-09
19.65    1.02271E-07    4.46801E-09
19.75    6.90984E-08    3.64811E-09
19.85    7.00246E-08    3.64811E-09
19.95    3.5482E-08    2.57961E-09

no no no

1.95	3.22157E-06	4.75758E-07
2.05	2.09576E-06	2.99726E-07
2.15	1.4396E-06	2.05421E-07
2.25	1.20802E-06	1.64273E-07
2.35	9.35258E-07	1.38998E-07
2.45	6.65549E-07	9.41229E-08
2.55	5.92549E-07	8.93137E-08
2.65	5.7924E-07	8.1232E-08
2.75	4.02417E-07	5.86985E-08
2.85	3.52592E-07	5.97201E-08
2.95	3.48216E-07	5.12653E-08
3.05	2.8083E-07	4.18637E-08
3.15	2.87836E-07	4.07061E-08
3.25	3.37024E-07	4.24611E-08
3.35	2.96966E-07	4.32316E-08
3.45	2.4328E-07	3.54375E-08
3.55	2.17035E-07	3.42602E-08
3.65	2.69297E-07	3.77004E-08
3.75	1.90627E-07	2.78059E-08
3.85	2.17309E-07	3.04001E-08
3.95	2.55174E-07	3.21421E-08
4.05	1.95529E-07	2.79006E-08
4.15	1.40331E-07	2.36346E-08
4.25	1.80299E-07	2.59913E-08
4.35	1.59063E-07	2.42108E-08
4.45	1.68268E-07	2.45109E-08
4.55	1.45513E-07	2.14547E-08
4.65	1.2612E-07	2.21517E-08
4.75	1.18021E-07	2.01613E-08
4.85	1.98779E-07	2.70724E-08
4.95	1.22925E-07	2.01466E-08
5.05	1.26369E-07	2.01821E-08
5.15	1.19533E-07	1.84444E-08
5.25	1.2552E-07	2.08441E-08
5.35	1.16678E-07	1.80039E-08
5.45	1.42356E-07	2.07364E-08
5.55	1.10934E-07	1.84274E-08
5.65	1.42056E-07	2.04782E-08
5.75	1.19359E-07	1.88266E-08
5.85	1.02416E-07	1.74955E-08
5.95	1.24355E-07	1.98713E-08
6.05	1.00805E-07	1.61417E-08
6.15	1.49355E-07	2.2763E-08
6.25	1.2359E-07	1.95093E-08
6.35	1.21027E-07	1.74688E-08
6.45	8.76511E-08	1.48157E-08
6.55	1.09097E-07	1.74237E-08
6.65	1.17986E-07	1.88537E-08
6.75	9.07484E-08	1.59684E-08
6.85	1.11619E-07	1.91647E-08
6.95	1.26534E-07	2.01155E-08
7.05	9.75154E-08	1.64236E-08
7.15	1.28096E-07	2.01244E-08
7.25	9.94017E-08	1.65118E-08
7.35	6.23471E-08	1.45791E-08
7.45	7.72579E-08	1.47642E-08
7.55	1.01899E-07	1.57234E-08
7.65	8.25027E-08	1.41491E-08
7.75	9.22844E-08	1.49705E-08
7.85	7.45578E-08	1.55713E-08
7.95	9.869E-08	1.73339E-08
8.05	1.08964E-07	1.71871E-08
8.15	7.30731E-08	1.33413E-08
8.25	9.03736E-08	1.48573E-08
8.35	7.10783E-08	1.31989E-08
8.45	1.24664E-07	1.92196E-08
8.55	1.40088E-07	2.0238E-08
8.65	1.05601E-07	1.89283E-08
8.75	1.1122E-07	1.93647E-08
8.85	9.3103E-08	1.5306E-08
8.95	1.01267E-07	1.77865E-08
9.05	1.44047E-07	2.14082E-08
9.15	1.18119E-07	1.81886E-08
9.25	8.84745E-08	1.60656E-08
9.35	1.09627E-07	1.77334E-08
9.45	1.33297E-07	2.03173E-08
9.55	1.16676E-07	1.84033E-08
9.65	9.40965E-08	1.68159E-08
9.75	7.90828E-08	1.56843E-08
9.85	1.20496E-07	1.79625E-08
9.95	1.05726E-07	2.1395E-08
10.05	9.52523E-08	1.70224E-08
10.15	1.03302E-07	1.97231E-08
10.25	1.12941E-07	1.95497E-08
10.35	1.36502E-07	2.03155E-08
10.45	9.9218E-08	1.77311E-08
10.55	8.86441E-08	1.81458E-08
10.65	1.32175E-07	2.13868E-08
10.75	1.30887E-07	2.14516E-08
10.85	1.209E-07	2.09275E-08
10.95	9.65021E-08	1.81201E-08
11.05	1.03204E-07	1.99748E-08
11.15	1.02095E-07	1.88467E-08
11.25	1.0549E-07	2.16285E-08
11.35	1.1268E-07	2.34249E-08
11.45	1.17988E-07	2.29129E-08
11.55	1.24041E-07	2.11897E-08
11.65	1.31826E-07	2.3154E-08
11.75	1.20649E-07	2.25626E-08
11.85	1.0637E-07	2.03275E-08
11.95	1.05224E-07	1.88988E-08
12.05	1.66552E-07	2.86331E-08
12.15	1.28987E-07	2.26971E-08
12.25	1.45305E-07	2.41369E-08
12.35	1.47029E-07	2.58242E-08
12.45	1.16352E-07	2.38177E-08
12.55	1.63757E-07	2.61533E-08
12.65	1.90425E-07	3.31048E-08
12.75	1.52456E-07	2.86323E-08
12.85	1.21016E-07	2.35517E-08
12.95	1.35708E-07	2.32738E-08
13.05	8.92938E-08	1.90375E-08
13.15	1.05168E-07	2.64209E-08
13.25	1.81046E-07	3.48557E-08
13.35	1.69237E-07	3.01742E-08
13.45	1.64174E-07	2.8458E-08
13.55	2.16924E-07	3.8225E-08
13.65	1.4364E-07	2.53921E-08
13.75	1.41495E-07	2.54133E-08
13.85	1.46926E-07	3.00764E-08
13.95	1.58858E-07	3.13064E-08
14.05	1.51958E-07	3.11064E-08
14.15	1.74051E-07	3.31043E-08
14.25	1.68782E-07	2.89459E-08
14.35	1.61547E-07	2.85577E-08
14.45	1.77008E-07	3.62919E-08
14.55	1.49573E-07	3.25931E-08
14.65	1.94559E-07	3.63845E-08
14.75	1.7716E-07	3.3265E-08
14.85	1.47203E-07	3.10367E-08
14.95	1.943E-07	3.52818E-08
15.05	2.03199E-07	3.63135E-08
15.15	2.71783E-07	4.92535E-08
15.25	1.51387E-07	3.26324E-08
15.35	2.18389E-07	4.0841E-08
15.45	1.69567E-07	3.20452E-08
15.55	2.66592E-07	4.92352E-08
15.65	2.50038E-07	5.27055E-08
15.75	1.56762E-07	3.76099E-08
15.85	2.05654E-07	3.9301E-08
15.95	2.20988E-07	4.35505E-08
16.05	1.78989E-07	3.77384E-08
16.15	1.46796E-07	3.83406E-08
16.25	1.97358E-07	4.30059E-08
16.35	2.08716E-07	4.13942E-08
16.45	2.51016E-07	5.31881E-08
16.55	2.62228E-07	5.45139E-08
16.65	2.11491E-07	4.27749E-08
16.75	1.92495E-07	4.14935E-08
16.85	2.24483E-07	4.78693E-08
16.95	2.22934E-07	4.13978E-08
17.05	2.73323E-07	4.62E-08
17.15	2.27265E-07	4.95226E-08
17.25	3.78276E-07	7.11198E-08
17.35	2.37201E-07	4.4047E-08
17.45	3.5141E-07	6.59124E-08
17.55	2.58527E-07	5.39931E-08
17.65	2.39757E-07	4.53098E-08
17.75	3.70821E-07	6.32829E-08
17.85	3.11634E-07	6.60325E-08
17.95	3.26887E-07	6.4602E-08
18.05	3.51552E-07	6.3655E-08
18.15	1.92264E-07	4.70654E-08
18.25	3.62173E-07	6.55782E-08
18.35	2.74119E-07	5.54418E-08
18.45	2.57029E-07	5.86462E-08
18.55	2.50857E-07	5.86599E-08
18.65	3.25483E-07	6.11155E-08
18.75	3.54977E-07	7.52164E-08
18.85	2.021E-07	5.09591E-08
18.95	1.94539E-07	5.06138E-08
19.05	3.17549E-07	7.48029E-08
19.15	4.61823E-07	8.15692E-08
19.25	2.36895E-07	5.05062E-08
19.35	3.01853E-07	6.72748E-08
19.45	1.86171E-07	5.18859E-08
19.55	3.52981E-07	7.68521E-08
19.65	3.67152E-07	8.271E-08
19.75	5.10288E-07	9.28321E-08
19.85	4.47103E-07	8.96278E-08
19.95	3.34828E-07	8.27721E-08

no no no
