1.75    0.000634196    0.000283622
1.85    0.000634196    0.000283622
1.95    0.000634196    0.000283622
2.05    0.001268392    0.0004011
2.15    0.000761036    0.000310692
2.25    0.000380518    0.000219692
2.35    0.000887874    0.000335584
2.45    0.001014714    0.000358756
2.55    0.000634196    0.000283622
2.65    0.000761036    0.000310692
2.75    0.000761036    0.000310692
2.85    0.001014714    0.000358756
2.95    0.000887874    0.000335584
3.05    0.000507356    0.000253678
3.15    0.000253678    0.000179378
3.25    0.000887874    0.000335584
3.35    0.00152207    0.000439384
3.45    0.000761036    0.000310692
3.55    0.000634196    0.000283622
3.65    0.000253678    0.000179378
3.75    0.000253678    0.000179378
3.85    0.000634196    0.000283622
3.95    0.000887874    0.000335584
4.05    0.000761036    0.000310692
4.15    0.000253678    0.000179378
4.25    0.001141552    0.000380518
4.35    0.001014714    0.000358756
4.45    0.001141552    0.000380518
4.55    0.000253678    0.000179378
4.65    0.000253678    0.000179378
4.75    0.000507356    0.000253678
4.85    0.001141552    0.000380518
4.95    0.000634196    0.000283622
5.05    0.000887874    0.000335584
5.15    0.000887874    0.000335584
5.25    0.000634196    0.000283622
5.35    0.000634196    0.000283622
5.45    0.000507356    0.000253678
5.55    0.000887874    0.000335584
5.65    0.000507356    0.000253678
5.75    0.000634196    0.000283622
5.85    0.000253678    0.000179378
5.95    0.000761036    0.000310692
6.05    0.000761036    0.000310692
6.15    0.000380518    0.000219692
6.25    0.00139523    0.000420678
6.35    0.001014714    0.000358756
6.45    0.000507356    0.000253678
6.55    0.000507356    0.000253678
6.65    0.000634196    0.000283622
6.75    0.000507356    0.000253678
6.85    0.000887874    0.000335584
6.95    0.001141552    0.000380518
7.05    0.000507356    0.000253678
7.15    0.001141552    0.000380518
7.25    0.001141552    0.000380518
7.35    0.000126839    0.000126839
7.45    0.000507356    0.000253678
7.55    0.000634196    0.000283622
7.65    0.000380518    0.000219692
7.75    0.000126839    0.000126839
7.85    0.000126839    0.000126839
7.95    0.000380518    0.000219692
8.05    0.000380518    0.000219692
8.15    0.000887874    0.000335584
8.25    0.000761036    0.000310692
8.35    0.000761036    0.000310692
8.45    0.000253678    0.000179378
8.55    0.001141552    0.000380518
8.65    0.001014714    0.000358756
8.75    0.001141552    0.000380518
8.85    0.000761036    0.000310692
8.95    0.000634196    0.000283622
9.05    0.000634196    0.000283622
9.15    0.000761036    0.000310692
9.25    0.000634196    0.000283622
9.35    0.001014714    0.000358756
9.45    0.000761036    0.000310692
9.55    0.001014714    0.000358756
9.65    0.001268392    0.0004011
9.75    0.000380518    0.000219692
9.85    0.000634196    0.000283622
9.95    0.000380518    0.000219692
10.05    0.000380518    0.000219692
10.15    0.000507356    0.000253678
10.25    0.000507356    0.000253678
10.35    0.000761036    0.000310692
10.45    0.000507356    0.000253678
10.55    0.000507356    0.000253678
10.65    0.000761036    0.000310692
10.75    0.001141552    0.000380518
10.85    0.001014714    0.000358756
10.95    0.000887874    0.000335584
11.05    0.000380518    0.000219692
11.15    0.000761036    0.000310692
11.25    0.000634196    0.000283622
11.35    0.000634196    0.000283622
11.45    0.000761036    0.000310692
11.55    0.000507356    0.000253678
11.65    0.001141552    0.000380518
11.75    0.001014714    0.000358756
11.85    0.000761036    0.000310692
11.95    0.000761036    0.000310692
12.05    0.000887874    0.000335584
12.15    0.000634196    0.000283622
12.25    0.001141552    0.000380518
12.35    0.000887874    0.000335584
12.45    0.000126839    0.000126839
12.55    0.000634196    0.000283622
12.65    0.000887874    0.000335584
12.75    0.000761036    0.000310692
12.85    0.000507356    0.000253678
12.95    0.000761036    0.000310692
13.05    0.000253678    0.000179378
13.15    0.000253678    0.000179378
13.25    0.000634196    0.000283622
13.35    0.000507356    0.000253678
13.45    0.001014714    0.000358756
13.55    0.001141552    0.000380518
13.65    0.000507356    0.000253678
13.75    0.001014714    0.000358756
13.85    0.000887874    0.000335584
13.95    0.000380518    0.000219692
14.05    0.000507356    0.000253678
14.15    0.000761036    0.000310692
14.25    0.00139523    0.000420678
14.35    0.000761036    0.000310692
14.45    0.000761036    0.000310692
14.55    0.000634196    0.000283622
14.65    0.000634196    0.000283622
14.75    0.000634196    0.000283622
14.85    0.001014714    0.000358756
14.95    0.000507356    0.000253678
15.05    0.001141552    0.000380518
15.15    0.000634196    0.000283622
15.25    0.001014714    0.000358756
15.35    0.001268392    0.0004011
15.45    0.000761036    0.000310692
15.55    0.000634196    0.000283622
15.65    0.000634196    0.000283622
15.75    0.000887874    0.000335584
15.85    0.000634196    0.000283622
15.95    0.000634196    0.000283622
16.05    0.000887874    0.000335584
16.15    0.000380518    0.000219692
16.25    0.000507356    0.000253678
16.35    0.000761036    0.000310692
16.45    0.000634196    0.000283622
16.55    0.000634196    0.000283622
16.65    0.000507356    0.000253678
16.75    0.000380518    0.000219692
16.85    0.000507356    0.000253678
16.95    0.000634196    0.000283622
17.05    0.001014714    0.000358756
17.15    0.001141552    0.000380518
17.25    0.000761036    0.000310692
17.35    0.000887874    0.000335584
17.45    0.000761036    0.000310692
17.55    0.000507356    0.000253678
17.65    0.001014714    0.000358756
17.75    0.000761036    0.000310692
17.85    0.000507356    0.000253678
17.95    0.000887874    0.000335584
18.05    0.000380518    0.000219692
18.15    0.000634196    0.000283622
18.25    0.000761036    0.000310692
18.35    0.000634196    0.000283622
18.45    0.000761036    0.000310692
18.55    0.000380518    0.000219692
18.65    0.000634196    0.000283622
18.75    0.001141552    0.000380518
18.85    0.000761036    0.000310692
18.95    0.000380518    0.000219692
19.05    0.000380518    0.000219692
19.15    0.000761036    0.000310692
19.25    0.000761036    0.000310692
19.35    0.000634196    0.000283622
19.45    0.000253678    0.000179378
19.55    0.000887874    0.000335584
19.65    0.001014714    0.000358756
19.75    0.001141552    0.000380518
19.85    0.001141552    0.000380518
19.95    0.000253678    0.000179378
