1.65    0.001141552    0.000380518
1.75    0.00507356    0.000802202
1.85    0.00570776    0.000850864
1.95    0.00570776    0.000850864
2.05    0.00532724    0.000822012
2.15    0.00570776    0.000850864
2.25    0.00672248    0.000923404
2.35    0.00532724    0.000822012
2.45    0.00532724    0.000822012
2.55    0.00532724    0.000822012
2.65    0.00608828    0.000878768
2.75    0.0052004    0.000812166
2.85    0.00380518    0.000694726
2.95    0.0052004    0.000812166
3.05    0.0052004    0.000812166
3.15    0.00608828    0.000878768
3.25    0.007103    0.000949178
3.35    0.00494672    0.00079211
3.45    0.00545408    0.00083174
3.55    0.00481988    0.00078189
3.65    0.00672248    0.000923404
3.75    0.00570776    0.000850864
3.85    0.00608828    0.000878768
3.95    0.00735668    0.000965978
4.05    0.00570776    0.000850864
4.15    0.00443938    0.00075039
4.25    0.0052004    0.000812166
4.35    0.00469304    0.000771532
4.45    0.00507356    0.000802202
4.55    0.00558092    0.000841356
4.65    0.0041857    0.000728636
4.75    0.00405886    0.00071751
4.85    0.00621512    0.000887874
4.95    0.00431254    0.000739594
5.05    0.00431254    0.000739594
5.15    0.00443938    0.00075039
5.25    0.00431254    0.000739594
5.35    0.00469304    0.000771532
5.45    0.00570776    0.000850864
5.55    0.00393202    0.00070621
5.65    0.0058346    0.000860266
5.75    0.00469304    0.000771532
5.85    0.00431254    0.000739594
5.95    0.00456622    0.000761036
6.05    0.0041857    0.000728636
6.15    0.00558092    0.000841356
6.25    0.00405886    0.00071751
6.35    0.00507356    0.000802202
6.45    0.00393202    0.00070621
6.55    0.00469304    0.000771532
6.65    0.00469304    0.000771532
6.75    0.00380518    0.000694726
6.85    0.00380518    0.000694726
6.95    0.00431254    0.000739594
7.05    0.0041857    0.000728636
7.15    0.00443938    0.00075039
7.25    0.00367834    0.00068305
7.35    0.00240994    0.00055288
7.45    0.00317098    0.000634196
7.55    0.00469304    0.000771532
7.65    0.00393202    0.00070621
7.75    0.00469304    0.000771532
7.85    0.00304414    0.000621382
7.95    0.00405886    0.00071751
8.05    0.00494672    0.00079211
8.15    0.0029173    0.0006083
8.25    0.00393202    0.00070621
8.35    0.0029173    0.0006083
8.45    0.00545408    0.00083174
8.55    0.00532724    0.000822012
8.65    0.00329782    0.000646756
8.75    0.00342466    0.000659076
8.85    0.00393202    0.00070621
8.95    0.00380518    0.000694726
9.05    0.00558092    0.000841356
9.15    0.00481988    0.00078189
9.25    0.00342466    0.000659076
9.35    0.00405886    0.00071751
9.45    0.00507356    0.000802202
9.55    0.00431254    0.000739594
9.65    0.0029173    0.0006083
9.75    0.00304414    0.000621382
9.85    0.00507356    0.000802202
9.95    0.0029173    0.0006083
10.05    0.00380518    0.000694726
10.15    0.00329782    0.000646756
10.25    0.00405886    0.00071751
10.35    0.0052004    0.000812166
10.45    0.00367834    0.00068305
10.55    0.00279046    0.000594928
10.65    0.00443938    0.00075039
10.75    0.00393202    0.00070621
10.85    0.0035515    0.00067117
10.95    0.0029173    0.0006083
11.05    0.00329782    0.000646756
11.15    0.00317098    0.000634196
11.25    0.00266362    0.00058125
11.35    0.00253678    0.000567242
11.45    0.0029173    0.0006083
11.55    0.00405886    0.00071751
11.65    0.00329782    0.000646756
11.75    0.0029173    0.0006083
11.85    0.0029173    0.0006083
11.95    0.00317098    0.000634196
12.05    0.00380518    0.000694726
12.15    0.00367834    0.00068305
12.25    0.00367834    0.00068305
12.35    0.0035515    0.00067117
12.45    0.00317098    0.000634196
12.55    0.00456622    0.000761036
12.65    0.00367834    0.00068305
12.75    0.00317098    0.000634196
12.85    0.00304414    0.000621382
12.95    0.0035515    0.00067117
13.05    0.00253678    0.000567242
13.15    0.001902588    0.000491246
13.25    0.00304414    0.000621382
13.35    0.00380518    0.000694726
13.45    0.00342466    0.000659076
13.55    0.00329782    0.000646756
13.65    0.0035515    0.00067117
13.75    0.0029173    0.0006083
13.85    0.00240994    0.00055288
13.95    0.00317098    0.000634196
14.05    0.00279046    0.000594928
14.15    0.00304414    0.000621382
14.25    0.0029173    0.0006083
14.35    0.00329782    0.000646756
14.45    0.00253678    0.000567242
14.55    0.0022831    0.000538134
14.65    0.00329782    0.000646756
14.75    0.00317098    0.000634196
14.85    0.00202942    0.000507356
14.95    0.0035515    0.00067117
15.05    0.00304414    0.000621382
15.15    0.0035515    0.00067117
15.25    0.001902588    0.000491246
15.35    0.00266362    0.00058125
15.45    0.00279046    0.000594928
15.55    0.00342466    0.000659076
15.65    0.0022831    0.000538134
15.75    0.00152207    0.000439384
15.85    0.00304414    0.000621382
15.95    0.0029173    0.0006083
16.05    0.00215626    0.000522972
16.15    0.00164891    0.000457326
16.25    0.00240994    0.00055288
16.35    0.00266362    0.00058125
16.45    0.00240994    0.00055288
16.55    0.00253678    0.000567242
16.65    0.00279046    0.000594928
16.75    0.00253678    0.000567242
16.85    0.00253678    0.000567242
16.95    0.00304414    0.000621382
17.05    0.00342466    0.000659076
17.15    0.001775748    0.000474588
17.25    0.00304414    0.000621382
17.35    0.00279046    0.000594928
17.45    0.00317098    0.000634196
17.55    0.00266362    0.00058125
17.65    0.00253678    0.000567242
17.75    0.00393202    0.00070621
17.85    0.00253678    0.000567242
17.95    0.00266362    0.00058125
18.05    0.00380518    0.000694726
18.15    0.00164891    0.000457326
18.25    0.00342466    0.000659076
18.35    0.00266362    0.00058125
18.45    0.001902588    0.000491246
18.55    0.00215626    0.000522972
18.65    0.00317098    0.000634196
18.75    0.001902588    0.000491246
18.85    0.00139523    0.000420678
18.95    0.00164891    0.000457326
19.05    0.00202942    0.000507356
19.15    0.00367834    0.00068305
19.25    0.00202942    0.000507356
19.35    0.00215626    0.000522972
19.45    0.00152207    0.000439384
19.55    0.00202942    0.000507356
19.65    0.00164891    0.000457326
19.75    0.00304414    0.000621382
19.85    0.0022831    0.000538134
19.95    0.001902588    0.000491246
