1.75    0.000717258    0.000507178
1.85    0.000358628    0.000358628
1.95    0.001434514    0.000717258
2.05    0.000717258    0.000507178
2.15    0.000358628    0.000358628
2.25    0.000358628    0.000358628
2.35    0.001075886    0.000621162
2.45    0    0
2.55    0.000717258    0.000507178
2.65    0.000717258    0.000507178
2.75    0    0
2.85    0.001075886    0.000621162
2.95    0.000358628    0.000358628
3.05    0    0
3.15    0    0
3.25    0    0
3.35    0.001075886    0.000621162
3.45    0.000358628    0.000358628
3.55    0.000717258    0.000507178
3.65    0.001075886    0.000621162
3.75    0    0
3.85    0.000358628    0.000358628
3.95    0.000358628    0.000358628
4.05    0.000358628    0.000358628
4.15    0.000358628    0.000358628
4.25    0.000358628    0.000358628
4.35    0.000358628    0.000358628
4.45    0.000358628    0.000358628
4.55    0    0
4.65    0.000717258    0.000507178
4.75    0.000358628    0.000358628
4.85    0.001075886    0.000621162
4.95    0.000358628    0.000358628
5.05    0.000358628    0.000358628
5.15    0    0
5.25    0.000717258    0.000507178
5.35    0    0
5.45    0.000358628    0.000358628
5.55    0.000358628    0.000358628
5.65    0.000358628    0.000358628
5.75    0.000358628    0.000358628
5.85    0.000358628    0.000358628
5.95    0.000717258    0.000507178
6.05    0    0
6.15    0.001434514    0.000717258
6.25    0.000717258    0.000507178
6.35    0    0
6.45    0    0
6.55    0.000358628    0.000358628
6.65    0.000717258    0.000507178
6.75    0.000358628    0.000358628
6.85    0.001075886    0.000621162
6.95    0.001075886    0.000621162
7.05    0.000358628    0.000358628
7.15    0.001075886    0.000621162
7.25    0.000358628    0.000358628
7.35    0.000717258    0.000507178
7.45    0.000358628    0.000358628
7.55    0    0
7.65    0    0
7.75    0    0
7.85    0.000717258    0.000507178
7.95    0.000717258    0.000507178
8.05    0.000358628    0.000358628
8.15    0    0
8.25    0    0
8.35    0    0
8.45    0.000717258    0.000507178
8.55    0.000717258    0.000507178
8.65    0.001075886    0.000621162
8.75    0.001075886    0.000621162
8.85    0    0
8.95    0.000717258    0.000507178
9.05    0.001075886    0.000621162
9.15    0.000358628    0.000358628
9.25    0.000358628    0.000358628
9.35    0.000358628    0.000358628
9.45    0.000717258    0.000507178
9.55    0.000358628    0.000358628
9.65    0.000358628    0.000358628
9.75    0.000358628    0.000358628
9.85    0    0
9.95    0.001793144    0.000801918
10.05    0.000358628    0.000358628
10.15    0.001075886    0.000621162
10.25    0.000717258    0.000507178
10.35    0.000358628    0.000358628
10.45    0.000358628    0.000358628
10.55    0.000717258    0.000507178
10.65    0.000717258    0.000507178
10.75    0.000717258    0.000507178
10.85    0.000717258    0.000507178
10.95    0.000358628    0.000358628
11.05    0.000717258    0.000507178
11.15    0.000358628    0.000358628
11.25    0.001075886    0.000621162
11.35    0.001434514    0.000717258
11.45    0.001075886    0.000621162
11.55    0.000358628    0.000358628
11.65    0.000717258    0.000507178
11.75    0.000717258    0.000507178
11.85    0.000358628    0.000358628
11.95    0    0
12.05    0.001434514    0.000717258
12.15    0.000358628    0.000358628
12.25    0.000358628    0.000358628
12.35    0.000717258    0.000507178
12.45    0.000717258    0.000507178
12.55    0.000358628    0.000358628
12.65    0.001793144    0.000801918
12.75    0.001075886    0.000621162
12.85    0.000358628    0.000358628
12.95    0    0
13.05    0    0
13.15    0.001075886    0.000621162
13.25    0.001793144    0.000801918
13.35    0.000717258    0.000507178
13.45    0.000358628    0.000358628
13.55    0.001793144    0.000801918
13.65    0    0
13.75    0    0
13.85    0.000717258    0.000507178
13.95    0.000717258    0.000507178
14.05    0.000717258    0.000507178
14.15    0.000717258    0.000507178
14.25    0    0
14.35    0    0
14.45    0.001075886    0.000621162
14.55    0.000717258    0.000507178
14.65    0.000717258    0.000507178
14.75    0.000358628    0.000358628
14.85    0.000358628    0.000358628
14.95    0.000358628    0.000358628
15.05    0.000358628    0.000358628
15.15    0.001793144    0.000801918
15.25    0.000358628    0.000358628
15.35    0.000717258    0.000507178
15.45    0    0
15.55    0.001434514    0.000717258
15.65    0.00215178    0.000878458
15.75    0.000717258    0.000507178
15.85    0.000358628    0.000358628
15.95    0.000717258    0.000507178
16.05    0.000358628    0.000358628
16.15    0.000717258    0.000507178
16.25    0.000717258    0.000507178
16.35    0.000358628    0.000358628
16.45    0.001434514    0.000717258
16.55    0.001434514    0.000717258
16.65    0.000358628    0.000358628
16.75    0.000358628    0.000358628
16.85    0.000717258    0.000507178
16.95    0    0
17.05    0    0
17.15    0.000717258    0.000507178
17.25    0.00215178    0.000878458
17.35    0    0
17.45    0.001434514    0.000717258
17.55    0.000717258    0.000507178
17.65    0    0
17.75    0.000717258    0.000507178
17.85    0.001434514    0.000717258
17.95    0.001075886    0.000621162
18.05    0.000717258    0.000507178
18.15    0.000358628    0.000358628
18.25    0.000717258    0.000507178
18.35    0.000358628    0.000358628
18.45    0.000717258    0.000507178
18.55    0.000717258    0.000507178
18.65    0.000358628    0.000358628
18.75    0.001434514    0.000717258
18.85    0.000358628    0.000358628
18.95    0.000358628    0.000358628
19.05    0.001434514    0.000717258
19.15    0.001075886    0.000621162
19.25    0    0
19.35    0.000717258    0.000507178
19.45    0.000358628    0.000358628
19.55    0.001075886    0.000621162
19.65    0.001434514    0.000717258
19.75    0.001434514    0.000717258
19.85    0.001434514    0.000717258
19.95    0.001434514    0.000717258
