2    0.040083792
2.1    0.057942901
2.2    0.078753192
2.3    0.10256816
2.4    0.129452088
2.5    0.158232885
2.6    0.187163234
2.7    0.216917279
2.8    0.245996241
2.9    0.2776658
3    0.307436358
3.1    0.337501089
3.2    0.365874654
3.3    0.393719116
3.4    0.421877876
3.5    0.448703158
3.6    0.472173947
3.7    0.496509726
3.8    0.519301491
3.9    0.541099441
4    0.559855999
4.1    0.579828024
4.2    0.597774627
4.3    0.617123267
4.4    0.63330514
4.5    0.648729994
4.6    0.665829047
4.7    0.678948348
4.8    0.692923712
4.9    0.704435688
5    0.716685102
5.1    0.730488263
5.2    0.740061077
5.3    0.749310913
5.4    0.758167562
5.5    0.766814145
5.6    0.775166946
5.7    0.783262502
5.8    0.791032069
5.9    0.798509175
6    0.807145474
6.1    0.814874286
6.2    0.822297395
6.3    0.829179968
6.4    0.835344243
6.5    0.841042352
6.6    0.846134781
6.7    0.850711635
6.8    0.854751068
6.9    0.858241731
7    0.856958
7.1    0.860233337
7.2    0.86294862
7.3    0.865097889
7.4    0.866681889
7.5    0.867692183
7.6    0.86813218
7.7    0.867997217
7.8    0.867283839
7.9    0.865990853
8    0.867654124
8.1    0.866493648
8.2    0.864709835
8.3    0.862318081
8.4    0.859346044
8.5    0.855831488
8.6    0.851807211
8.7    0.847316685
8.8    0.842383323
8.9    0.837038969
9    0.845575095
9.1    0.84049943
9.2    0.83500071
9.3    0.829106425
9.4    0.822830914
9.5    0.816200606
9.6    0.809228032
9.7    0.801953206
9.8    0.794402504
9.9    0.786587164
10    0.799601441
10.1    0.792223368
10.2    0.784622432
10.3    0.77682137
10.4    0.768842149
10.5    0.760558006
10.6    0.752137816
10.7    0.743455045
10.8    0.734677658
10.9    0.725680034
11    0.716484426
11.1    0.707254309
11.2    0.697866891
11.3    0.688480563
11.4    0.678705627
11.5    0.669105548
11.6    0.659296558
11.7    0.649559211
11.8    0.639903534
11.9    0.630217117
12    0.620516175
12.1    0.610931486
12.2    0.601356209
12.3    0.591803822
12.4    0.582393622
12.5    0.573024796
12.6    0.563708213
12.7    0.554552008
12.8    0.545461659
12.9    0.536538234
13    0.527691504
13.1    0.518928633
13.2    0.510340679
13.3    0.501843766
13.4    0.493522792
13.5    0.485298101
13.6    0.477099334
13.7    0.469226976
13.8    0.461453439
13.9    0.453781953
14    0.446215315
14.1    0.438755924
14.2    0.431467626
14.3    0.424286352
14.4    0.417213598
14.5    0.410306722
14.6    0.403506899
14.7    0.39681492
14.8    0.390282347
14.9    0.383855249
15    0.377533876
15.1    0.371364625
15.2    0.365298101
15.3    0.359334147
15.4    0.353514561
15.5    0.347794136
15.6    0.342172411
15.7    0.33664881
15.8    0.331259734
15.9    0.325964994
16    0.320763825
16.1    0.315689128
16.2    0.310704144
16.3    0.30580798
16.4    0.300999683
16.5    0.296278242
16.6    0.291642595
16.7    0.287091639
16.8    0.282597082
16.9    0.278239203
17    0.273986418
17.1    0.269711441
17.2    0.265566241
17.3    0.261498491
17.4    0.257506921
17.5    0.253590253
17.6    0.249747205
17.7    0.245976492
17.8    0.242276831
17.9    0.238646938
18    0.235066674
18.1    0.231591355
18.2    0.228163131
18.3    0.22479961
18.4    0.22149955
18.5    0.218424639
18.6    0.215401618
18.7    0.212429713
18.8    0.209508148
18.9    0.206636141
19    0.203841334
19.1    0.201037683
19.2    0.198309674
19.3    0.195601917
19.4    0.192966718
19.5    0.190376398
19.6    0.187854356
19.7    0.185350876
19.8    0.182890022
19.9    0.18047105
20    0.178082357
